8279
82339
64928
90261
32236
168214
5479
4968
5649
15954
4699
7709
1907
4262
35940
6265
1230
25200
6149
395
21524
3222
635
784
334
5019
1067
19591
68280
144146
40
7325
161336
1039
895
1035
4748
53
41349
1224
30482
17337
5365
4137
51103
332
3221
571
14528
1792
13392
5104
6793
1654
116015
243952
54
37900
48856
6319
40077
147
244
32234
181
2419
5068
56035
551
3014
853
1989
1397
907
1391
20974
35351
48522
14832
1554
2092
4489
792
28447
54450
192
2221
21615
2574
777
83
3936
1530
11619
15630
69994
22348
40913
97474
74410
28353
6820
3740
6973
43428
178
758
2456
2558
6290
36606
6637
23049
16181
1315
1376
58850
51495
3165
28636
88286
9999
