28924.1
703.6
476.1
1326.4
15360.1
2225.1
37614.2
817.4
17019.8
5830.4
844.6
124699.5
3002.2
1192.2
20000.8
9711.4
2221
6305.9
536.6
207.2
7022.4
1211.9
560.8
11058.8
536.1
52017.3
1113.2
450.5
27280.9
16421.9
372
6182
19284.9
560.8
238.7
71918.5
433.6
75487
222.1
14850.2
60.5
781.9
90.7
2349.5
588.1
267.3
30032
5020.4
1170.3
947.8
888.6
39449.3
28400.7
333
376.6
48478.5
21095.7
2756.7
744.2
225.8
11983.2
21458.7
801.3
8216.7
244.2
41331.4
17726.8
333.5
178
69465.7
2814.1
29630.5
17250.6
5932.2
211.8
116.9
11789.2
5447.8
1108.5
14914.8
5500.3
8477.5
504.3
15976.4
2883
1064.3
414
217.7
18114.5
13708
688
349.7
60078
3153.8
4595.6
1425
13308.1
8145.2
14300.1
8774.5
24971
15526.9
379.7
4887.5
452.9
161.7
1819.1
1293.6
581.1
522.3
491.7
517.5
34239.9
3028.8
2362.8
412.6
201.4
5581.1
780.1
479.3
258.8
131
17194.2
4362.8
127
25963.1
17423.3
31475.4
170.6
253
57.2
71380.6
414.2
53438.9
4033.2
7978.9
301.8
348.5
56
40
763
52490
38916
2416
5039
3532
197757
638
1490
27389
19875
47
2014
199
567
2736
360
92
29147
20491
2213
1094
168
1228
20888
38
10108
8091
504
1283
12968
30823
34469
2147
552
19234
19543
5473
213
1283
57
77
281
29
1797
104560
254
239
243
274
219
327
76
8441
884
88286
28636
3165
51495
58850
1376
1315
16181
23049
6637
36606
6290
2558
2456
758
178
43428
6973
3740
6820
28353
74410
97474
40913
22348
69994
15630
11619
1530
3936
83
777
2574
21615
2221
192
54450
28447
792
4489
2092
1554
14832
48522
35351
20974
1391
907
1397
1989
853
3014
551
56035
5068
2419
181
32234
244
147
40077
6319
48856
37900
54
243952
116015
1654
6793
5104
13392
1792
14528
571
3221
332
51103
4137
5365
17337
30482
1224
41349
53
4748
1035
895
1039
161336
7325
40
144146
68280
19591
1067
5019
334
784
635
3222
21524
395
6149
25200
1230
6265
35940
4262
1907
7709
4699
15954
5649
4968
5479
168214
32236
90261
64928
82339
8279
2623.7
7868
3538.6
17982.9
6417.4
113.6
9079.3
4200.7
113
514.2
2754.1
6265
3504.5
805.4
120079.1
339139.7
111783.6
3446.4
1349.2
4750.7
12994.5
10322.1
25624.6
182.8
434.2
277.2
1796.7
3539.9
153030.3
2956.4
2347.7
1734.9
502.2
23541
268.6
121
926.4
53.7
898.2
61912.3
1391.9
232.4
171.4
607.2
12782.3
1688.9
1063.6
147.9
97931.6
955.2
71.8
10631.1
17988.9
3025.4
133.7
78669.5
124603.4
732.7
51379.6
12201.9
38652.2
80257.6
550.6
147161.4
718.5
287
25403.4
1081.5
23.8
145.5
63296
10031.4
