21351.4875	17215.61333	22208.08333	22304.4	      32152	 37510.66667	  18394.5
58816.216	16279.2	        43979.28571	16279.2	      20461.62	 20349	          29135.25
21519.51667	3218.88	        15980.33333	3218.88	      2874       4023.6	          2040.97
60212.25	48169.8	        33556	        34980.4	      30957.33	 60212.25	  30684.79
17637.316	22130.59333	37335.5	        38626.88      20693	 16747.79	  34552.59
1114.4   	2537.795556	1966.5	        478.4	      796	 1114.4	          1114.4
31851.895	476.14	        455	        364	      195	 455	          455
22268.41714	40880.30333	16924	        26240.96      8780	 10862.13	  20486.66667
20297.52125	0	        16924	        15245.04      4933.13	 10377.79	  29135.25
8185.33	        14512.26667	11554	        26993.48      3508	 10645.54	  8185.333333
17960.08286	20032.83333	18490.33333	17473.36      14323.75	 15764.97	  19004.13
5421.5	        26807.57333	7313.4	        4197.36	      9893.33	 5421.5	          5421.5
2091.056667	17669.4 	5791	        5668.906667   38368.16	 3111.5	          3111.5
5774.573333	19822.13333	29736.2	        14792.29333   1436	 3350.666667	  3350.666667
679	        1084.253333	8753.666667	410.66668     399	 18960.67	  931
248.5	        5742.566667	248	        198.8	      142	 248.5	          248.5
52674.7675	39210.81111	43979.28571	0	      23247	 54243	          45025.75
4286.625	20544.90667	30363.55556	6708.8	      3594	 8386	          8386
13415.12909	3870.066667	33964.8	        6708.8	      25845.77	 5707.333333	  3790.11
1681.165	5525.333333	10366.16667	5525.28       2960  	 6906.666667	  6906.666667
35944.71	11251.33333	10976	        22006.08      41895.125	 27507.66667	  27507.66667
60781	        48624.8	        20730	        24404.8	      34732	 60781	          30444.17
36509.2875	18367.06667	28767	        30941.472     22246.83	 32525.21	  18394.5
59125.5	        27986.46667	91056.5	        14792.29333   19814	 34674.5	  18164.65
11691.5	        12733.93333	20389	        18023.6	      36406.33	 41234.08	  41234.08
16716.934	7518.728	27531	        0	      7923.17	 27531            27531
13415.12909	9365.44	        11764	        7801.28	      8022	 18718	          18718
30480.04167	27967.56667	39294.66667	5546.8	      5703	 9980.25	  12130.22
14359.955	1457.866667	2842	        29162	      1035.13	 2842             998.43
38519.716	19728.64444	18263.75	2240.44	      2322	 4063.5           9408.07
98	        78.4	        98	        78.4	      56	 98	          98
3570	        5115.133333	18902.5	        3438.4	      466	 815.5            815.5
2706.67 	2165.333333	2706	        2165.333333   1160	 2706.666667	  2706.666667
26366.23	30412.29333	50873.2	        12357.70667   11477	 26779.66667	  29135.25
13415.12909	0	        5169.2	        2057.04       582.85	 2571.333333	  2571.333333
312.67	        250.1333333	266	        250.08	      135	 315	          315
39670.36	29162	        22208	        29162	      20830	 36452.5	  36452.5
27709.18833	50046.26667	19063.33333	23435.344     14708	 25739	          25739
1506.867	6987.983333	891	        0	      382	 891.3333333	  891.3333333
20297.52125	8838.2	        8987.333333	5230.4	      5802.17	 6538	          10613.28
9755.666667	7957.693333	8559.333333	0	      6315.67	 2370.666667	  17710.19
9398.41	        8315.828889	5246.6	        16140.76      713.5	 1654.8	          954.56
41205.71333	8240.991111	32413.25	7409.72	      7280	 16986.66667	  34400.33
18908.75	19822.13333	46204	        23099.04      19802	 46204.66667	  41027
20297.52125	17814.73333	26347	        35183.53143   22357	 39124.75	  39124.75
0	        18367.06667	8753.888889	9447.2	      12964	 22687	          22687
6202.2625	728	        910	        728	      3274.2	 910	          910
9755.666667	1322.3	        22208	        12049.06      713	 1247.75	  1154.53
224	        537.6	        0	        0	      2765.5	 672	          16566.38 
2058	        1485.12	        10976	        0	      882	 2058	          2058
745.5	        748.4266667	704.6666667	563.68	      302        704.6666667	  704.6666667
9755.666667	15313.97778	1789.783333	5546.8	      2221	 6554.04	  3886.75
556.5    	630.9333333	1789.783333	438.64	      188.25	 788.6666667	  788.6666667
39670.36	87358.28889	0	        0	      26691	 60833.79	  45235.36
5612.443333	4165.777778	29736.35	5157.6	      6953.48	 6447	          37133.98
29034.44333	2271.733333	10598.23333	2271.68	      1217	 2839.666667	  2839.666667
595.175	        203.4666667	9594.666667	12357.696     310	 254.3333333	  254.3333333
20297.52083	17814.73333	72394.97222	31684.8	      16974	 39606            39606
17637.316	0	        7123.728571	1937.216      135	 315	          315
4286.625	30212.93333	5326.095833	18556.76      107	 187.25           187.25
32329.41714	46408.13333	15980.53333	32849.6	      23464	 41062	          41062
7141.75	        5713.4	        7141.75	        5713.36	      5309.5	 7141.75	  7141.75
25978.516	31856.68889	30851.17292	24290.88      45856.75	 59534.13	  45812.08
40672.33333	27487.6	        39656.16667	48266.4	      25768.83	 60333	          30678.67
0	        18.4	        23	        18.4	      23	 23	          23
38015.366	22167.35111	30379.06667	41235.12      66975	 117206.25	  22498.25
37766.166	80570.93333	50432.43333	27171.936     43163	 100713.6667	  100713.6667
19279.214	1909.6	        3389.75  	1909.6	      739	 1389.11	  2387
8646.166667	8648.266667	27919.75667	8648.24	      4633	 10810.33333	  9019.5
9183.125	16238.01667	7313.483333	4197.36       8011.25	 6300.19	  5454.75
6128.306667	12945.8	        32413.35417	16931.28      18377.33	 16182.25	  16182.25
13415.12909	9093.28	        27327.24167	7524.04	      813.83	 2643.666667	  6540.33 
17637.316	7518.728	21828.33333	19236.68      9355.67	 11987.79	  11987.79
58816.216	14766.92	1789.783333	596.4	      426	 745.5	          745.5
9398.41	        8315.828889	7123.728571	3992.8	      2139	 6688.5           4991
357	        408.8	        511	        408.8	      219	 511	          511
19584.105	25968.6	        30379.06667	13383.76      18549	 32460.75	  16566.38
8700.806667	7924.42  	21828.33333	4582.04	      3101       5426.75          5426.75
7072.8	        25446.61	30851.17292	4260.86	      40284.14	 7072.8	          7072.8
19521.79333	25559.56667	43979.28571	29868.76      17714	 21845.25	  40315.63
47687.28125	6149.422222	21828.33333	17225.6	      12304	 21532	          21532
11047.75	30412.29333	27919.75667	9221.888      924	 1617	          12786.23
16727.665	9288.8	        33434.33333	184.8	      14329	 11223.44	  33434.33333
1045.334	597.3333333	95.6667	        410.66668     41	 95.66666667	  95.66666667
36509.2875	4822.72	        4980.033333	22335.792     2608	 9406.16	  6028.4
1237.6	        990.08	        9591.925	2350.986667   884	 1237.6           1237.6
8087.33	        8979.555556	974.75	        23013.65333   557	 974.75           974.75
1045.334	1060.266667	1045.333333	1060.24	      568	 1389.11	  1325.333333
82405.94333	33696.48333	72394.97222	127706.08     69916.33	 159632.6667	  67856.37
11188.33	4538.8	        11554    	8950.64	      4795	 11188.33333	  11188.33333
0	        52.2664	        2839.666667	52.2664       93.33	 65.33333333	  65.33333333
38289.2425	13450.08	24638.775	28937.44      25837	 36171.8	  36171.8
38827.6	        47438.72	88252.325	26993.48      24723.5	 59298.4	  59298.4
26366.23	5117.466667	9594.666667	23099.04      8245	 11543	          11543
0	        793.3333333	991.6666667	793.28	      425	 991.6666667	  991.6666667
6647.67   	6652.333333	20175.95417	2350.986667   2849	 3789.335	  6647.666667
15502.47167	15532.65	441	        16849.14667   1421	 1389.11	  455
70995.55667	1114.4   	15258.39583	655.2	      597	 753.665	  1393
5954.832857	1269.333333	802.6666667	642.08	      8490.33	 802.6666667	  802.6666667
8812.744	4165.777778	3931.666667	199.68        1685	 3931.666667	  3931.666667
25041.04	15617.43556	30851.17292	0	      12103	 28240.33333	  28240.33333
1453.665	629.0666667	1690.5	        629.04        337	 786.3333333	  786.3333333
17637.316	15386.84	43725.5  	7375.2	      3951	 9219	          17505.83
1681.165	13899.2	        27327.24167	0	      10912	 14411.83	  29135.25
42120.60375	1260	        1575	        1260	      1125	 1575	          1575 
9424.33	        7951.533333	30379.06667	4674.12	      4039       16808.165	  9424.333333
19176.5	        15341.2	        10106.05556	15341.2       10958	 19176.5	  19176.5
6634.5425	1237.973333	4215.166667	7801.28       1615.53	 2365.4175	  4215.17
2061.5   	14512.26667	4221.777778	0	      1325	 3091.666667	  3091.666667
11047.75	8556.8	        10366.3	        4998.773333   4011	 9359	          9359
17960.08286	3089.333333	7228.666667	12206.7       3098       7228.666667	  7228.666667
40672.33333	31054.1	        30851.17292	24293.2	      18137.63   21845.25	  17302.25
25978.516	13899.2	        9286.666667	4998.773333   3966	 9254	          9254
8700.806667	14368.06667	5724.833333	2373.74       2644	 6169.333333	  6169.333333
8646.166667	15386.84	5456.5	        20229.88      3118	 5456.5	          5456.5
59125.5	        35519.22889	43725.5	        35183.53143   60075	 140175	          37133.98
35864.11	14368.06667	18490.36389	28233.28      15125	 17721.435	  29307.95
22190.875	39990.53333	22251.54167	35505.36      34617.48	 44381.75	  29135.25
47687.28125	75976.36667	31808.89583	71381.76      43418.16	 62538.29	  89227.25
32329.41714	42221.9	        27880.5	        55796.96      37831.75	 52777.375	  69746.25
38289.2425	10484.6  	24638.775	10484.56      7489	 7131.54	  13105.75
